humbs.db,humbs.d
18960747,1000
18960747,1002
11091859,1003
12367117,1004
12367117,1005
12367117,1006
12367117,1007
12367117,1008
12367117,1009
14426911,100
12367117,1010
26716035,1012
26716035,1013
13468897,1014
13468897,1015
14426911,101
14426911,102
14426911,103
14426911,104
47411281,107
47411281,108
47411281,109
18120594,10
47411281,110
15056726,115
15056726,116
18120594,11
19667685,125
31217237,126
31217237,127
13714398,128
13714398,129
42927084,130
46411668,131
46411668,132
46411668,133
46411668,134
46411668,135
47336739,137
47336739,139
40104760,140
40104760,141
13743202,142
41985537,145
41985537,146
41985537,147
46440673,14
30262645,150
30262645,151
30262645,152
30262645,153
30262645,154
30262645,155
30160624,156
30160624,157
30160624,158
30160624,159
46440673,15
47192542,161
47192542,162
44546537,163
13743202,164
26046541,165
13574165,168
13574165,169
18514694,16
13574165,170
44527822,171
44527822,172
40905583,173
40905583,174
40905583,175
16916256,179
34007554,17
16916256,180
16916256,181
17548966,182
17548966,183
17548966,184
17548966,185
33391775,186
13574165,187
13574165,189
48477594,18
13574165,190
13574165,191
46507925,194
44546537,196
46741422,197
46741422,198
46741422,199
48477594,19
40600345,1
46741422,200
40905583,201
40905583,202
40905583,203
39964948,204
39964948,205
19614814,208
40905583,209
33802888,20
46004527,210
46007665,211
46007665,212
34089284,213
34089284,214
34089284,215
34089284,216
34089284,217
45753453,218
45753453,219
33802888,21
45753453,220
45753453,221
45753453,222
45753453,223
15192204,224
15192204,225
40905583,226
40905583,227
45699357,228
45699357,229
35996455,22
45699357,230
24213578,231
24213578,232
24213578,233
24213578,234
24213578,235
24213578,236
24213578,237
24213578,238
24213578,239
35996455,23
24213578,240
45891122,241
45891122,242
45891122,243
44692221,244
44692221,245
44692221,246
44692221,247
44692221,248
44692221,249
35996455,24
44692221,250
44692221,251
44692221,252
44692221,253
44692221,254
44692221,255
44692221,256
44692221,257
44692221,258
44692221,259
44692221,260
44692221,261
44692221,262
44692221,263
44692221,264
24269519,265
24269519,266
44241058,267
42871338,268
45668478,269
35996455,26
45668478,270
45668478,271
45668478,272
24213578,273
24213578,274
24213578,275
24213578,276
42871338,277
44692221,278
44692221,279
46440673,27
44692221,280
44692221,281
44692221,282
44692221,283
44692221,284
44692221,285
44692221,286
44692221,287
44692221,288
44692221,289
46440673,28
44692221,290
44692221,291
44692221,292
44692221,293
44692221,294
44692221,295
44692221,296
44692221,297
44692221,298
44692221,299
36806137,2
44692221,300
43747229,301
43747229,302
43747229,303
40905583,304
24213578,305
24213578,306
24213578,307
24213578,308
32012930,309
38733925,312
45113978,320
45113978,321
31997704,327
44546537,328
26109738,329
26109738,330
26109738,331
45178449,332
45178449,333
41448393,334
41448393,335
10606830,336
10606830,337
10606830,338
31997881,339
31997881,340
31997881,341
45113978,342
15189828,343
15189828,344
40643900,345
25602342,348
25602342,349
48477594,34
25602342,350
25602342,351
25602342,352
25602342,353
25602342,354
16916256,355
16916256,356
16916256,357
16916256,358
31046187,359
48477594,35
31046187,360
31046187,361
31046187,362
31046187,363
16171279,364
31586685,365
39304027,366
39304027,367
13121794,368
13121794,369
48477594,36
13121794,370
44989273,371
44989273,372
44989273,373
26109738,374
26109738,375
28128951,377
44243023,380
17302850,381
17302850,382
17302850,383
17302850,384
17302850,385
40617677,386
40905583,387
40905583,388
40425498,389
40425498,390
44777076,392
11037350,393
11037350,394
11037350,395
13566568,397
42762883,398
42762883,399
11545495,39
36806137,3
42762883,400
44684749,401
44684749,402
24005227,403
24005227,404
24005227,405
24005227,406
24005227,407
23879254,408
23879254,409
11545495,40
23879254,410
23879254,411
23879254,413
23879254,414
23879254,415
23879254,416
23879254,417
23879254,418
23879254,419
11545495,41
27420368,421
33539724,422
33539724,423
33539724,424
33539724,425
44356758,426
45514021,42
13887861,431
13887861,432
13887861,433
13887861,434
13887861,435
13887861,436
13887861,437
13887861,438
13887861,439
45514021,43
13887861,440
44039851,442
44039851,443
11384289,444
45514021,44
22782472,450
22782472,451
22782472,452
19169718,453
40022262,454
35724559,455
26066590,456
26066590,457
25945063,458
43050956,459
48113960,45
43050956,460
43050956,461
37215811,464
23472862,465
23472862,466
40868994,467
40868994,468
43106145,469
43106145,470
43106145,471
43106145,472
40868994,473
48113960,47
35598130,480
35598130,481
35598130,482
35598130,483
35598130,484
35598130,485
35598130,486
35598130,487
36723249,491
25816792,492
25816792,493
43002452,495
43002452,496
41712544,497
41712544,498
42886082,499
48113960,49
41140790,4
35183514,500
35183514,501
35183514,502
35183514,503
19513353,504
19513353,505
29965999,506
12817977,507
23330812,509
48113960,50
39852773,510
42457150,511
42644985,512
42644985,513
42236803,514
42236803,515
42236803,516
33289935,518
33289935,519
48113960,51
33289935,520
33289935,521
33289935,522
33289935,523
33289935,524
33289935,525
33289935,526
33289935,527
33289935,528
11291635,529
48089276,52
42479059,530
42479059,531
32629903,532
29965999,533
29965999,534
29965999,535
29965999,536
42221267,537
42032861,538
42032861,539
48089276,53
35731850,540
42479059,541
42479059,542
42479059,543
42479059,544
40697914,546
40697914,547
29965999,548
29965999,549
48089276,54
29965999,550
29965999,551
29965999,552
29965999,553
29965999,554
29965999,555
30700286,557
30700286,558
30700286,559
48089276,55
30700286,560
30847464,561
30847464,562
30847464,563
30847464,564
30847464,565
30847464,566
30847464,567
30847464,568
37717874,569
47816165,56
37717874,570
37717874,571
42221267,572
38545142,573
33618665,574
33618665,575
35267328,576
35267328,577
41348905,578
41348905,579
47816165,57
30817689,580
30817689,581
41914249,582
41914249,583
41914249,584
41812002,585
41812002,586
41812002,587
41235605,588
47816165,58
41914249,590
41914249,591
28071745,592
32629903,593
32629903,594
21071357,595
21071357,596
41739037,597
11964096,598
11964096,599
48082826,59
47628515,5
11964096,601
41823165,602
41823165,603
41823165,604
41583234,605
41583234,606
36717105,607
36717105,608
13732365,609
13732365,610
13732365,611
18090352,612
18090352,613
18090352,614
18090352,615
18090352,616
18090352,617
18090352,618
18090352,619
48082826,61
41127470,620
41127470,621
41127470,622
41127470,623
41127470,624
41127470,625
41127470,626
37316310,627
37316310,628
37316310,629
48082826,62
37316310,630
37316310,631
37316310,632
37316310,633
26879772,634
15558688,635
15558688,636
15558688,637
15558688,638
15558688,639
48082826,63
15558688,640
15558688,641
15558688,642
15558688,643
15558688,644
38512212,645
36146152,646
40449728,647
40449728,648
40449728,649
30554337,64
40449728,650
40449728,651
40449728,652
40449728,653
40449728,654
40449728,655
40225287,656
40225287,657
15558688,658
15558688,659
27030099,65
15558688,660
15558688,661
15558688,662
15558688,663
15558688,665
15558688,666
15558688,667
15558688,668
15558688,669
27030099,66
15558688,670
15558688,671
15558688,672
15558688,673
17166775,674
17166775,675
40215723,677
40215723,678
40215723,679
47816165,67
40215723,680
40215723,681
40215723,682
40215723,683
40215723,684
40073981,685
40073981,686
28946964,691
35692575,692
35692575,693
35692575,694
35692575,695
35692575,696
35692575,697
35692575,698
47628515,6
40034791,701
40038947,702
37732671,704
37732671,705
39794822,706
39794822,707
39794822,708
39794822,709
16872279,70
39794822,710
28826907,715
14586705,716
14586705,717
14586705,718
14586705,719
16872279,71
14586705,720
14586705,721
14586705,722
14586705,723
14586705,724
23054202,725
23054202,726
38177543,727
38177543,728
38177543,729
16872279,72
19592332,730
19592332,731
19592332,732
19592332,733
19592332,734
37922924,735
37922924,736
36491263,737
36491263,738
33559362,739
46894270,73
33559362,740
33559362,741
33559362,742
33559362,743
16865783,744
16865783,745
16865783,746
16865783,747
16865783,748
16865783,749
46894270,74
16865783,750
16865783,751
16865783,752
16865783,753
37206514,757
37206514,758
37206514,759
47297043,75
37206514,760
37206514,761
37206514,762
37206514,763
37206514,764
37206514,765
37206514,766
37206514,767
37206514,768
37206514,769
40823629,76
37206514,770
37206514,771
37206514,772
37206514,773
37206514,774
37206514,775
37206514,776
37206514,777
37206514,778
24302764,77
36373365,784
36373365,785
36373365,786
36373365,787
36373365,788
36373365,789
24302764,78
36373365,790
36373365,791
36373365,792
36373365,793
36373365,794
36373365,795
36373365,796
36373365,797
36373365,798
36373365,799
29456147,801
29456147,802
29456147,803
29456147,804
29456147,805
36373365,806
36373365,807
36373365,808
36975413,810
36975413,811
36975413,812
36975413,813
36975413,814
36975413,815
36975413,816
36373365,817
36373365,818
29519505,819
29519505,820
29519505,821
29519505,822
29519505,823
29519505,824
29519505,825
29519505,826
29519505,827
29519505,828
29519505,829
29519505,830
29519505,831
29519505,832
29519505,833
27921892,836
35643667,837
35643667,838
35643667,839
35643667,840
35643667,841
35643667,842
35643667,843
30550948,844
30550948,845
30550948,846
30550948,847
30550948,848
35581118,852
35581118,853
35581118,858
35581118,860
35581118,861
35581118,865
35581118,866
35581118,867
35581118,868
35581118,869
24639923,872
24639923,873
24639923,874
33959171,875
33959171,876
33959171,877
33959171,878
27921892,879
27921892,880
27921892,881
26024798,882
35271644,883
35271644,884
35271644,885
35271644,886
35271644,887
35271644,888
35271644,889
26024798,895
26024798,896
34699016,897
34699016,898
34699016,899
46132484,89
34699016,900
34699016,901
34699016,902
34699016,903
34699016,904
34699016,905
34699016,906
34699016,907
34464102,908
34464102,909
34230361,910
34230361,911
34230361,912
24643441,913
24643441,914
24643441,915
13743202,91
23762952,921
23762952,922
27945425,923
31496124,924
31496124,925
13743202,92
ø¿∏Ì»∆_2,930
ø¿∏Ì»∆_2,931
ø¿∏Ì»∆_2,932
ø¿∏Ì»∆_2,933
16734416,934
16734416,935
19395663,936
19395663,937
19395663,938
15322245,939
15322245,940
15322245,941
15322245,942
15322245,943
15322245,944
15322245,945
29963335,946
29963335,947
29827826,948
29827826,949
47662368,94
29827826,950
29827826,951
29827826,952
29827826,953
29827826,954
29827826,955
29296011,956
29296011,957
29296011,958
28978257,959
40248204,95
28978257,960
28978257,961
25313161,962
25313161,963
25313161,964
25894228,965
25894228,966
25894228,967
25894228,968
25894228,969
14426911,96
25894228,970
25894228,971
25894228,972
11091859,973
25313161,974
11244398,975
11244398,976
11244398,977
11244398,978
14426911,97
25313161,988
25313161,989
14426911,98
25313161,991
25313161,992
25313161,993
25313161,994
25313161,995
18960747,996
18960747,997
18960747,999
14426911,99
18120594,9
humbs.db,humbs.d
31982548,1003
30324125,1006
30324125,1007
30324125,1008
28787608,1009
25976524,100
28787608,1010
28787608,1011
18993204,1015
18993204,1016
18993204,1017
18993204,1018
32436264,1019
11949129,101
32436264,1020
32436264,1021
32436264,1022
46318947,1023
46318947,1024
43548321,1025
10969625,1026
10969625,1027
10969625,1028
11949129,102
38077757,1032
38077757,1033
39627566,1034
39627566,1035
46353654,1036
41638918,1038
41638918,1039
41638918,1040
29392399,1045
29392399,1046
29392399,1047
46323709,1048
46323709,1049
10784420,1050
10784420,1051
42758620,1052
11911186,1053
11911186,1054
11911186,1055
11911186,1056
43747229,1057
43747229,1058
43747229,1059
39883931,1060
41292994,1061
41292994,1062
41292994,1063
36907249,1064
36907249,1065
45909504,1066
45909504,1067
19509486,1068
14223244,1069
13217741,106
13682958,1070
13682958,1071
13682958,1072
37947187,1073
37947187,1074
37947187,1075
37947187,1076
37947187,1077
25836190,1079
13217741,107
12597095,1084
12597095,1085
12597095,1086
23875764,1087
23875764,1088
23875764,1089
13217741,108
13217741,109
23740558,10
11623799,1101
11623799,1102
15823623,1103
15823623,1104
15823623,1105
46106726,1106
32138089,1107
46064536,1109
46064536,1110
46064536,1111
24769367,1112
45624322,1117
45624322,1118
45624322,1119
32917213,1121
32917213,1122
18226252,1123
18226252,1126
11778219,1127
39278863,1130
39278863,1131
20680448,1133
20680448,1134
45511008,1135
45511008,1136
34550452,113
45905658,1140
40904016,1141
40904016,1142
40904016,1143
22897343,1145
15464132,1149
34550452,114
15464132,1150
15464132,1151
31976916,1152
31976916,1153
32726518,1155
32726518,1156
25834411,1160
13273804,1162
13273804,1163
45801282,1164
45801282,1165
44320487,1166
29050626,1170
29050626,1171
29050626,1172
13939863,1173
26424901,1176
26424901,1177
45794827,1178
45794827,1179
18121441,117
45794827,1180
13734284,1181
13734284,1182
13734284,1183
13734284,1184
13734284,1185
13734284,1186
13734284,1187
13734284,1188
13734284,1189
18121441,118
13734284,1190
13734284,1191
13734284,1192
13734284,1193
13734284,1194
13734284,1195
13734284,1196
43362907,1197
43362907,1198
27042225,1199
18121441,119
23740558,11
21177495,1200
21177495,1201
21177495,1202
21177495,1203
21177495,1204
21177495,1205
21177495,1206
21177495,1207
21177495,1208
21177495,1209
21177495,1210
21177495,1211
21177495,1212
21177495,1213
21177495,1214
21177495,1215
21177495,1216
21177495,1217
21177495,1218
21177495,1219
21177495,1220
21177495,1223
45699357,1227
45699357,1228
27255867,1229
27255867,1230
45128622,1231
45128622,1232
44491079,1233
44491079,1236
44491079,1237
44491079,1238
44907916,1239
23379552,123
44907916,1240
44907916,1241
36593727,1242
36593727,1243
45638282,1244
45601831,1246
45601831,1247
45601831,1248
25561124,1249
23379552,124
43206658,1250
43206658,1251
43206658,1252
43206658,1253
36017975,125
29970395,1260
26281344,1263
26281344,1264
21053809,1265
33982258,1266
33982258,1267
33982258,1268
13944562,1269
36017975,126
13944562,1270
13944562,1271
13944562,1272
13944562,1273
45524871,1274
45524871,1275
45534784,1276
45534784,1277
45534784,1278
45534784,1279
45534784,1280
45534784,1281
45534784,1282
45534784,1283
20111485,1284
28002592,1285
28002592,1286
28002592,1287
16204681,1288
16204681,1289
22260941,128
16204681,1290
45530371,1291
45530371,1292
10511639,1294
10511639,1295
10511639,1296
42699233,1298
42699233,1299
45462586,1300
45462586,1301
45462586,1302
45462586,1304
45462586,1305
45462586,1306
45462586,1307
29546817,1308
34414835,1309
34854572,130
34414835,1310
34414835,1311
43897357,1315
43897357,1316
27878549,1319
34854572,131
27878549,1320
45353202,1325
36550559,132
15484129,1335
32865103,1336
32865103,1337
45151862,1338
45151862,1339
14745636,133
45151862,1340
31065753,1341
31065753,1342
42632937,1348
42632937,1349
14745636,134
42632937,1350
11202969,1351
11202969,1352
11202969,1353
45331769,1354
45331769,1355
45331769,1356
15247894,1358
15247894,1359
14745636,135
15247894,1360
15247894,1362
20239941,1363
20239941,1364
20239941,1365
20239941,1366
20239941,1368
20239941,1369
14503010,136
20239941,1370
20239941,1371
24536923,1374
24536923,1375
23138186,1376
18703557,1379
14503010,137
44756822,1381
44756822,1382
44756822,1383
45288175,1384
21726734,1385
21726734,1386
21726734,1387
38104750,1388
38104750,1389
29992775,138
38104750,1390
45283815,1394
45283815,1395
40054702,1396
40054702,1398
40414917,1399
29992775,139
37604219,13
40414917,1400
42815321,1402
42815321,1403
28571663,1404
28571663,1405
27177099,1406
27177099,1407
24596608,1408
24596608,1409
12481873,140
24596608,1410
44574626,1412
40108382,1413
40108382,1414
12481873,141
45204108,1420
26901282,1425
26901282,1426
26901282,1427
26901282,1428
44575737,1432
44575737,1433
14654677,1435
34652031,1436
34652031,1437
26690380,1439
26690380,1440
21863828,1442
21863828,1443
21863828,1444
21004256,1446
28607461,1447
28607461,1448
28607461,1449
28607461,1450
24451712,1452
24451712,1453
24451712,1454
24451712,1455
24451712,1456
24451712,1457
24451712,1458
43945814,1459
43945814,1460
43945814,1461
43945814,1462
43945814,1463
13939863,1464
13939863,1465
13939863,1466
28002592,1467
28002592,1468
28002592,1469
45079270,1477
34453119,1480
34453119,1481
11160995,1482
11160995,1483
11160995,1484
11160995,1485
17097141,1486
17097141,1487
35523749,1488
35523749,1489
32322721,1491
23050510,14
14004513,1500
14004513,1501
31446369,1504
31446369,1505
31446369,1506
12481873,150
11425779,1510
11425779,1511
22905042,1514
22905042,1515
22905042,1516
22905042,1517
12481873,151
22905042,1520
22905042,1521
22905042,1522
22905042,1523
22905042,1525
11336141,1528
11336141,1529
11336141,1530
30554337,1531
30554337,1532
30554337,1533
44975849,1534
44975849,1535
44975849,1536
44975849,1537
44975849,1538
44975849,1539
12481873,153
44975849,1540
35203595,1541
35203595,1542
23779804,1543
23779804,1544
13332253,1545
13332253,1546
26955892,154
12381601,1550
12381601,1551
12381601,1552
11979740,1553
11979740,1554
44881773,1555
44881773,1556
30079045,1558
30079045,1559
26955892,155
30079045,1560
13711089,156
13711089,157
12060454,1582
12060454,1583
44795098,1587
44843586,1588
44843586,1589
47085358,158
44843586,1590
26130484,1591
26130484,1592
14101724,1598
14101724,1599
47085358,159
21838093,15
14101724,1600
41853539,1601
41853539,1603
13094520,1608
13094520,1609
44849964,1610
17410225,1611
17410225,1612
44346782,1617
36447095,1618
36447095,1619
18675467,161
36447095,1620
36447095,1621
44762182,1626
29677292,1629
18675467,162
29677292,1630
13399441,1636
31438870,1640
31438870,1642
22743059,1644
22743059,1645
22743059,1646
22743059,1648
22743059,1649
22743059,1650
22743059,1651
22743059,1652
17551955,1654
17551955,1655
17551955,1656
34054606,1657
34054606,1658
34054606,1659
18675467,165
34054606,1660
31591409,1661
31591409,1663
42333401,1666
42333401,1667
42333401,1668
44722209,166
44722209,167
44553674,1681
44553674,1682
13414395,1684
13414395,1685
40171551,1688
44546537,1689
44722209,168
44546537,1690
11006301,1691
23749694,1694
23749694,1695
31547914,1696
31547914,1697
20573348,1699
37440477,16
20573348,1700
20573348,1701
20573348,1702
26379962,1704
26379962,1705
44089616,1706
44089616,1707
44089616,1708
32917213,1709
31588232,1711
12165830,1713
12165830,1714
20864532,1715
20864532,1716
44500788,1718
44500788,1719
10984314,171
21492536,1720
21492536,1721
21492536,1722
21492536,1723
31911229,1724
31911229,1725
31911229,1726
31911229,1727
38488650,1729
38488650,1730
38488650,1731
38488650,1732
44436685,1733
44436685,1734
44436685,1735
44436685,1736
44436685,1738
48571023,173
23030383,1741
10987577,1743
10987577,1744
38518669,1745
38518669,1746
44420572,1749
15036823,174
44420572,1750
17570305,1751
24798062,1753
24798062,1754
44423230,1758
44423230,1759
15036823,175
44423230,1760
17990118,1761
30721360,1762
12446135,1765
12446135,1766
12446135,1767
44384102,1768
44384102,1769
48529813,176
44384102,1770
44384102,1771
44384102,1772
44384102,1773
44384102,1774
44384102,1775
36601938,1776
36601938,1777
36601938,1778
36601938,1779
42466611,1783
42466611,1784
42466611,1785
14221572,1786
44373195,1787
48529813,178
28138299,1791
28138299,1792
28138299,1793
28138299,1794
28138299,1795
44356758,1796
44356758,1797
44356758,1799
48529813,179
37440477,17
44356758,1800
44356758,1801
44356758,1802
44356758,1803
44356758,1804
44172082,1805
44172082,1806
44172082,1807
44172082,1808
44172082,1809
16538771,180
18256378,1810
18256378,1811
18256378,1812
18256378,1813
38652932,1814
38652932,1815
28050180,1816
28050180,1817
28050180,1818
28050180,1819
16538771,181
28050180,1820
28050180,1821
28050180,1822
11806208,1823
11806208,1824
11806208,1825
11806208,1827
11806208,1828
16538771,182
42823005,1832
19028103,1833
19028103,1834
19028103,1835
38729539,1839
16538771,183
38729539,1840
38729539,1841
16558876,1846
16558876,1847
44222103,1848
25616505,1849
25616505,1852
25616505,1853
25616505,1854
25616505,1855
25616505,1856
25616505,1857
25616505,1858
25616505,1859
25616505,1862
25616505,1863
21407831,1864
21407831,1865
21407831,1866
30593712,1869
30593712,1870
30593712,1872
11113843,1873
11113843,1874
11113843,1875
29675056,1876
29675056,1877
29675056,1878
43024700,1879
38691014,1880
38691014,1881
38691014,1882
16273346,1883
16273346,1884
37780416,1885
37780416,1886
39343279,1887
39343279,1888
39343279,1889
31755436,188
13571128,1890
13571128,1891
44079501,1892
44079501,1893
44079501,1894
44079501,1895
44079501,1896
31755436,189
37440477,18
34289464,1901
29701900,1902
15737133,1903
15737133,1905
34602036,1906
42525053,1908
42525053,1909
48487281,190
17107055,1910
17107055,1911
13248271,1913
13248271,1914
48286729,191
44073495,1927
44073495,1928
44073495,1929
48286729,192
44073495,1930
18291092,1933
42671273,1934
42024341,1935
42024341,1936
43661673,1937
43661673,1938
40416386,1939
48286729,193
40416386,1940
12577907,1942
12577907,1943
12577907,1944
43755725,1947
39600112,1956
39600112,1957
12152593,1958
12152593,1959
10720945,1960
43981942,1962
43981942,1963
43981942,1968
43981942,1969
28433785,196
43981942,1971
43981942,1972
43981942,1973
43981942,1974
43981942,1975
43981942,1976
11197618,1977
11197618,1978
28433785,197
34620111,1980
34620111,1981
34620111,1983
34620111,1984
38089837,1988
38089837,1989
25883970,1992
22469298,1994
22469298,1996
22469298,1997
37440477,19
13003360,1
10734735,2000
10734735,2001
10734735,2002
32102206,2005
32102206,2006
32102206,2007
15485812,2008
15485812,2009
39850443,200
11410753,2013
11410753,2014
39850443,201
10986233,2020
10986233,2021
10986233,2022
10986233,2023
31620725,2029
39850443,202
31620725,2030
43682447,2031
43682447,2032
43682447,2033
39990620,2043
39990620,2044
39990620,2045
39990620,2046
39990620,2047
39990620,2048
13869351,2058
13869351,2059
13869351,2060
13869351,2061
30100691,2063
30100691,2064
15088848,2065
15088848,2067
11663463,206
31459637,2075
43786116,2078
43786116,2079
26112176,2086
20459187,2097
20459187,2098
11886583,20
38287749,2100
38287749,2101
43636228,2102
43636228,2103
43636228,2104
25746444,2109
25746444,2110
25746444,2111
20597616,2112
20597616,2113
13977137,2114
10665048,2116
10665048,2117
25429004,2118
25429004,2120
12935938,2121
37700357,2122
37700357,2123
37700357,2124
43499133,2125
43499133,2126
43499133,2127
43499133,2128
43499133,2129
43420252,2136
43420252,2137
24490281,2140
24490281,2141
37885544,2142
43356438,2143
43356438,2144
10740949,2145
10740949,2146
10740949,2147
39450045,2149
24143802,2153
24143802,2154
11522827,2159
10817089,215
43219577,2164
43219577,2165
43219577,2166
43274923,2172
43274923,2173
43274923,2174
43247666,2176
43247666,2177
43247666,2178
22288064,217
18514694,2186
18514694,2187
18514694,2188
31406897,2189
15945864,218
31406897,2190
11418447,2191
11418447,2192
11418447,2193
11418447,2194
11418447,2195
33103620,2196
33103620,2197
33103620,2198
33103620,2199
15945864,219
11886583,21
33103620,2200
33103620,2201
30145245,2202
30145245,2203
27935923,2210
43040492,2211
43040492,2212
43144774,2213
24704702,2214
24704702,2215
13084530,2216
13084530,2217
32181230,2220
32181230,2221
32181230,2222
42823005,2223
12821875,2233
17695211,2237
42973917,2239
42973917,2240
42950224,2241
42950224,2244
39541321,2245
39541321,2246
21147728,2247
21147728,2248
17874982,2249
17874982,2250
17874982,2251
17874982,2252
17874982,2253
18686443,2254
18686443,2255
12577907,2257
12577907,2258
42895923,2259
39792369,225
42821960,2263
25348648,2264
25348648,2265
11842761,2266
11842761,2267
11842761,2268
11842761,2269
39792369,226
20142845,2270
19134015,2274
27115673,2277
27115673,2278
14943199,2279
39792369,227
14943199,2280
29836217,2283
42794950,2284
12214592,2286
12214592,2287
21657960,2289
19627276,228
21657960,2290
21657960,2291
42729552,2296
42729552,2297
33967204,22
14823529,2300
14823529,2301
14823529,2302
42280095,2303
42280095,2304
37215811,2307
37215811,2308
15957191,2320
15957191,2321
37187017,2323
37187017,2324
17911759,2325
17911759,2330
17911759,2331
17911759,2332
17911759,2333
17911759,2336
17911759,2337
38349096,2338
38349096,2339
45200663,233
23401310,2342
23401310,2343
11037033,2344
11037033,2345
36917967,2347
36917967,2348
36917967,2349
42566472,2350
42566472,2351
42566472,2352
28046167,2353
28046167,2354
42584393,2361
42584393,2363
42584393,2364
42584393,2365
42584393,2366
33779717,2367
33779717,2368
48306197,236
33779717,2370
42100618,2372
38089837,2373
16529614,2374
16529614,2375
10747205,2376
11112097,2377
11112097,2378
40913577,2379
40913577,2380
40913577,2381
40913577,2382
25367315,2383
25367315,2384
25367315,2385
19680789,2387
19680789,2388
16820108,2389
48306197,238
16820108,2390
16820108,2391
35082217,2392
15850454,2394
42405003,2397
42405003,2398
31188339,2399
48306197,239
33967204,23
31188339,2400
32495504,2407
32495504,2408
39096698,2409
22743059,240
39096698,2410
42249126,2414
42249126,2415
42249126,2416
42249126,2417
22743059,241
42249126,2423
42249126,2424
42273066,2426
42273066,2427
12334977,2429
22743059,242
12334977,2430
41854051,2431
41854051,2432
41854051,2433
34619933,2434
22768894,243
30995697,2441
30995697,2442
30995697,2443
10990395,2444
10990395,2445
42231473,2446
42231473,2447
42231473,2448
22768894,244
35175607,2452
35175607,2453
35175607,2454
34963058,2455
34963058,2456
34963058,2457
34963058,2458
34963058,2459
35895158,2460
35895158,2461
10659733,2462
10659733,2463
42115595,2464
42115595,2465
42146063,2467
30129197,246
30129197,247
42124436,2480
20301459,2481
20301459,2482
10871658,2483
16798922,2489
45758566,248
16798922,2490
18581485,2492
38654697,2493
38654697,2499
45758566,249
15537270,24
38654697,2503
27552335,2504
27552335,2506
28683225,2509
45758566,250
28683225,2512
28683225,2513
11663564,2514
11663564,2515
11663564,2516
17702979,2517
17702979,2518
17702979,2519
15885885,251
36478929,2521
41910083,2522
41910083,2523
41916269,2524
15885885,252
41812002,2539
41812002,2540
41812002,2541
35489700,2542
35489700,2543
35489700,2544
35489700,2545
35489700,2546
35489700,2547
35489700,2548
35489700,2549
14626920,2550
14626920,2551
14626920,2552
40174930,2554
12984442,2556
12984442,2557
12984442,2558
12984442,2559
20086837,255
12984442,2560
12984442,2561
26281344,2562
15673880,2563
15673880,2564
10723906,2565
37278533,2574
37278533,2575
20012401,2578
20012401,2579
20012401,2580
20012401,2581
20012401,2582
32293568,2583
14430989,2589
40212539,2590
12657199,2591
20486057,2593
20486057,2594
20486057,2595
11454087,2596
11454087,2597
11454087,2598
41414112,2599
38726958,259
15537270,25
41414112,2600
37833769,2601
37833769,2602
38638587,2604
38638587,2605
22321606,2606
22321606,2607
25718045,2608
25718045,2609
38726958,260
24042497,2610
24042497,2611
24042497,2612
24042497,2613
26399245,2616
26399245,2617
26399245,2618
16261800,2619
38726958,261
41172735,2620
41172735,2621
41172735,2622
27873265,2624
41245912,2626
41245912,2627
41245912,2628
41245912,2629
48237020,262
41245912,2630
41245912,2631
41245912,2634
41245912,2635
41245912,2636
41245912,2637
35051888,2638
35051888,2639
48237020,263
40389136,2642
40389136,2643
40389136,2644
41008858,2645
31101767,2646
40707400,2647
40707400,2648
24461113,2649
48237020,264
24461113,2650
24461113,2651
24461113,2652
24461113,2653
24487805,2654
24487805,2655
11710307,2656
11710307,2657
11710307,2658
11710307,2659
11710307,2660
37501505,2662
26236971,2663
26236971,2665
15173195,2668
15173195,2669
46945440,266
26917807,2671
27649880,2676
27649880,2677
39959131,2678
39959131,2679
46945440,267
24360892,2680
24360892,2681
24360892,2682
13749729,2686
21293171,2688
21293171,2689
21293171,2690
35634175,2694
35634175,2695
35634175,2696
11190213,2697
11190213,2698
33115700,2699
44326353,269
15537270,26
33115700,2700
33115700,2701
33115700,2702
19951551,2703
19951551,2704
19951551,2705
40731566,2706
40731566,2707
40731566,2708
27516113,2709
44326353,270
27516113,2710
26053866,2718
26053866,2719
44326353,271
15613390,2720
15613390,2721
39068864,2724
40640312,2726
40640312,2727
35230713,2728
44079950,272
30370700,2731
13463070,2734
34416893,2735
34416893,2737
34416893,2738
34416893,2739
44079950,273
34416893,2740
13043159,2742
11516512,2744
25945063,2746
25945063,2747
25945063,2748
27978773,2749
33366483,2751
33998169,2757
33998169,2758
12560055,275
10582864,2761
10582864,2762
10582864,2763
10582864,2764
21462302,2765
21462302,2766
21462302,2767
21462302,2768
40335975,2769
12560055,276
19630715,2770
38680951,2771
38680951,2772
38680951,2773
38680951,2774
31591409,2777
31591409,2778
12952243,2780
28223111,2781
28223111,2782
28223111,2783
30145245,2789
30145245,2790
31724843,2792
31724843,2793
31650005,2794
31650005,2795
39932439,2797
12560055,279
39932439,2801
39932439,2802
37232669,2808
37232669,2809
22108670,2815
22108670,2816
22108670,2817
22108670,2818
39758073,2819
11980771,2821
29158366,2822
22198510,2824
22198510,2825
22198510,2826
15827593,2827
15827593,2828
39821243,2829
39821243,2830
23523760,2832
23523760,2833
37466633,2834
37466633,2835
37466633,2836
37466633,2837
37466633,2838
37466633,2839
35161211,283
37466633,2840
39658096,2843
39658096,2844
11322748,2845
11322748,2846
11322748,2847
23030833,2848
23030833,2849
35161211,284
23030833,2850
23030833,2851
23030833,2852
36230545,2858
37026112,2859
35161211,285
39459422,2861
39459422,2862
39382647,2867
39382647,2868
39382647,2869
39593911,2870
39593911,2871
24879992,2873
24879992,2874
24879992,2875
11356392,2876
33892362,2877
33892362,2878
29671364,2879
29671364,2880
29671364,2881
37732671,2882
37732671,2883
18237555,2885
18237555,2886
29910247,2897
29910247,2898
29910247,2899
39244776,2900
39244776,2901
39244776,2902
39244776,2903
39244776,2904
39244776,2905
39244776,2906
12487749,2908
13725514,290
10596250,2915
10596250,2916
21835195,2918
29806494,2919
13725514,291
29806494,2920
29806494,2921
29806494,2922
29806494,2923
29806494,2924
29806494,2925
29806494,2926
12532276,2929
19460219,292
12532276,2930
11716901,2931
11716901,2932
17080213,2933
17080213,2934
39295161,2935
32443945,2936
32443945,2937
32443945,2938
32443945,2939
19460219,293
10574971,2944
10600919,2946
10600919,2947
10600919,2948
10600919,2949
19460219,294
15369530,2958
15369530,2960
39029162,2965
24008783,2971
24008783,2972
24761325,2975
39039138,2983
39039138,2984
39039138,2985
16405509,2992
16405509,2993
16405509,2994
16405509,2995
16405509,2996
16405509,2997
16405509,2998
25002221,2999
13267924,29
13003360,2
25002221,3002
25002221,3003
38927201,3004
38927201,3005
38927201,3006
38927201,3007
32431106,3011
35275026,3023
35275026,3024
35275026,3025
35275026,3026
35275026,3027
35275026,3028
34184110,3032
34184110,3033
34184110,3035
38218224,3041
10636726,3044
10636726,3045
41947326,305
33892362,3061
33892362,3062
33892362,3063
11717081,3064
11717081,3065
11717081,3066
38747924,3067
38747924,3068
38747924,3069
41947326,306
30044481,3072
30044481,3073
30044481,3074
38742563,3076
38742563,3077
38729988,3078
38729988,3079
41947326,307
15522108,3080
15522108,3081
15522108,3082
15522108,3083
15522108,3084
15522108,3085
15522108,3086
15522108,3088
15522108,3089
15522108,3090
38369780,3094
38369780,3095
38369780,3096
38369780,3097
38369780,3098
38369780,3099
38369780,3100
38369780,3101
38369780,3102
38369780,3103
38369780,3104
38369780,3105
38697889,3106
38697889,3107
38697889,3108
38690770,3109
38690770,3110
38690770,3111
38690770,3112
38686524,3113
38686524,3114
21355822,3116
38552265,3127
38552265,3128
38552265,3129
38552265,3131
12519660,3132
12519660,3133
12519660,3135
12519660,3136
12519660,3137
36084634,314
21140392,3151
38126990,3161
38126990,3162
38126990,3163
38445716,3165
38445716,3166
12603147,3167
12603147,3168
12603147,3169
12603147,3170
33892362,3171
33892362,3172
19317966,3173
19317966,3174
19317966,3175
19317966,3176
31117399,3177
31117399,3179
31117399,3180
31117399,3181
31117399,3182
31117399,3183
31117399,3187
31117399,3194
31117399,3195
28222365,3199
13267924,31
27513765,3208
27513765,3209
27513765,3210
27513765,3211
13699019,3212
13699019,3213
13699019,3215
10605084,3219
10605084,3220
27341047,3221
27341047,3234
36966589,3235
36966589,3236
10671416,3237
10671416,3238
38335996,3239
38335996,3240
38335996,3241
47180006,324
38321872,3251
38321872,3252
13005474,3253
13005474,3254
13005474,3255
13005474,3256
13005474,3257
13005474,3258
17974084,3259
42632937,325
12641512,3260
12641512,3261
12641512,3262
37896690,3263
37896690,3264
37896690,3265
37896690,3266
42632937,326
38140282,3276
38140282,3277
28589912,3278
28589912,3279
42632937,327
38113925,3285
38113925,3286
42632937,328
42632937,329
36355615,3304
36355615,3305
36355615,3306
24776860,3307
24776860,3308
24776860,3309
42632937,330
24776860,3310
38037463,3313
37981396,3316
37981396,3317
37981396,3318
37981396,3319
42632937,331
10911239,3329
42632937,332
10911239,3330
10911239,3331
37922924,3334
37922924,3335
37922924,3336
12743689,3337
12743689,3338
12743689,3339
37900304,3340
37900304,3341
37900304,3342
37900304,3343
37846309,3345
14242517,3346
14242517,3347
14242517,3349
10969625,3353
27585892,3360
21976654,3361
37358763,3362
37358763,3363
31794260,3367
31794260,3368
32692987,3369
32692987,3370
11161741,342
17929767,343
44886507,347
44886507,348
44886507,349
10885936,34
32639599,351
45252169,358
45252169,359
10885936,35
43993635,364
43993635,365
12822366,375
23836118,379
11320425,383
47908242,392
47820140,395
28540931,397
28540931,398
28540931,399
13003360,3
20983635,401
20983635,402
19669319,403
19669319,404
37469625,40
46326467,411
46326467,412
46326467,413
46326467,418
11691831,419
11691831,420
35944252,421
35944252,422
35944252,423
32887420,424
32887420,425
15238340,426
25043330,427
27714195,42
47783652,435
44742708,441
44742708,442
44742708,443
44742708,444
44742708,445
44742708,446
47758656,454
47758656,455
47758656,456
47758656,457
47758656,459
47779653,464
47758656,465
47758656,466
19479198,482
19479198,483
18256950,489
37427931,48
18256950,490
18256950,491
47723681,498
47723681,499
37427931,49
21419896,4
47723681,500
17889946,501
17889946,502
47658477,507
44089616,516
17559346,51
16294879,522
16294879,523
25356120,524
25356120,525
47410707,534
17559346,53
46339913,546
46339913,547
15548845,562
15548845,563
15548845,564
47577631,567
47577631,568
24281564,56
17938071,570
17938071,577
17938071,578
24281564,57
41811838,583
41811838,584
26211989,599
32394384,59
21419896,5
18685433,600
18685433,601
32630453,603
32630453,604
32630453,605
32630453,606
32630453,607
32630453,608
32630453,609
19357630,60
32630453,610
32630453,611
25833470,615
25833470,616
22813206,617
22813206,618
22813206,619
22813206,620
47419348,621
47419348,622
47180284,625
47180284,626
47180284,627
31870140,629
31870140,630
31870140,631
20480150,63
43534478,645
43534478,646
43534478,647
15315216,649
15315216,650
45416862,659
45416862,660
45416862,662
11391410,666
11391410,667
24131342,668
24131342,669
36868546,677
18838059,679
18838059,680
47188651,686
22184504,694
22184504,695
22184504,696
47148963,697
47148963,698
28741897,69
21419896,6
17532543,707
17532543,708
17532543,709
28741897,70
17532543,710
33832810,714
28741897,71
32525962,720
28513612,721
16179420,724
16179420,725
16179420,726
18703557,729
28741897,72
18703557,730
18703557,731
36608061,732
36608061,733
47017797,738
47017797,739
12458657,73
22161594,741
46498115,748
47017913,749
47017913,750
47017913,751
47017913,752
47017913,753
47017913,754
47017913,755
47017913,756
47017913,757
47017913,758
47017913,759
12458657,75
47017913,760
47017913,761
47017913,762
47017913,763
47017913,764
47017913,765
47017913,766
47017913,767
47017913,768
47017913,769
47017913,770
47017913,771
47017913,772
47017913,773
47017913,774
47017913,776
47017913,777
47017913,778
34350429,779
12458657,77
16262144,780
16262144,781
46960348,790
38729539,797
38729539,798
38729539,799
21419896,7
14682526,801
18993204,802
25892107,805
45919378,808
41496145,812
41477997,815
13524711,818
29805770,819
24578150,81
14813616,823
14813616,824
14813616,825
15544603,826
15544603,827
15544603,828
25466748,830
25466748,831
25466748,832
25466748,833
25466748,834
39388638,835
39388638,836
23329665,838
23329665,839
37267014,83
13219824,840
11326733,842
28778604,843
28778604,844
25474268,847
21994366,849
37267014,84
46051112,851
46051112,852
46168197,853
46168197,854
46168197,855
46736398,856
46736398,857
46736398,858
46736398,859
46736398,860
33766076,863
26069917,864
26069917,865
26069917,866
10546952,868
38073902,869
11762492,871
11762492,872
46733104,876
46733104,877
46733104,878
46733104,879
46733104,880
39148917,881
39148917,882
18321405,883
12638422,887
31410928,888
31410928,889
29354102,88
31410928,890
35656586,891
44795098,892
44795098,893
44795098,894
15058450,895
15058450,896
15058450,897
15058450,898
15058450,899
29354102,89
23740558,8
27714195,900
44381800,909
29354102,90
24600312,914
24600312,916
24600312,917
22219051,918
22219051,919
15556202,91
22219051,920
22219051,921
36308493,922
36308493,923
36308493,924
36308493,925
36308493,926
36308493,927
36308493,929
15556202,92
36308493,930
29996676,934
29996676,935
29996676,936
29996676,937
35775494,938
35775494,939
27722608,93
24091444,943
24091444,944
24091444,945
19023665,946
19023665,947
16916256,948
16916256,949
27722608,94
16916256,951
24590299,956
46507925,957
46507925,958
46507925,959
34302235,95
46062509,960
46062509,961
46062509,963
46062509,964
46062509,965
46062509,966
34302235,96
22197423,977
22197423,978
22197423,979
34302235,97
22197423,983
22197423,984
22197423,985
46461966,990
20332794,993
40939625,995
46430265,996
46430265,997
16042186,998
16042186,999
25976524,99
23740558,9
